0 1 1
0 8 3
0 7 3
0 7 4
0 6 9
0 7 9
0 7 10
0 7 11
0 8 11
0 8 12
0 9 13
0 10 13
0 10 14
0 11 14
0 12 14
0 12 15
0 13 15
0 14 15
0 15 15
0 16 15
0 17 15
0 18 15
0 19 15
0 19 14
0 20 14
0 20 13
0 21 13
0 21 12
0 21 11
0 21 10
0 21 9
0 21 8
0 21 7
0 21 6
0 20 6
0 20 5
0 19 5
0 19 4
0 18 4
0 17 4
0 17 3
0 16 3
0 15 3
0 14 3
0 13 3
0 12 3
0 11 3
0 10 3
0 9 3
0 12 12
0 13 12
0 14 12
0 14 13
0 15 13
0 16 13
0 16 12
0 16 11
0 10 7
0 16 6
0 7 5
0 7 6
0 7 7
0 7 8
0 11 7
0 15 6
0 17 11
0 22 10
0 23 10
0 24 10
0 25 10
0 25 9
0 26 9
0 26 8
0 25 8
0 24 8
0 23 8
0 22 8
0 5 9
0 6 7
0 5 7
0 4 6
0 3 6
0 2 6
0 1 6
0 0 6
0 0 7
0 0 8
0 1 8
0 2 8
0 2 9
0 3 9
0 4 9
